0,300
0,299
0,298
0,297
0,296
0,295
0,294
0,293
0,292
0,291
0,290
0,289
0,288
0,287
0,286
0,285
0,284
0,283
0,282
0,281
0,280
0,279
0,278
0,277
0,276
0,275
0,274
0,273
0,272
0,271
0,270
0,269
0,268
0,267
0,266
0,265
0,264
0,263
0,262
0,261
0,260
0,259
0,258
0,257
0,256
0,255
0,254
0,253
0,252
0,251
0,250
0,249
0,248
0,225
0,224
0,223
0,222
0,221
0,220
0,219
0,218
0,217
0,216
0,215
0,214
0,213
0,212
0,211
0,210
0,209
0,208
0,207
0,206
0,205
0,204
0,203
0,202
0,201
0,200
0,199
0,198
0,197
0,196
0,195
0,194
0,193
0,192
0,63
0,62
0,61
0,60
0,59
0,58
0,57
0,56
0,55
0,54
0,53
0,52
0,51
0,50
0,49
0,48
0,47
0,46
0,45
0,6
0,247
0,246
0,245
0,244
0,242
0,241
0,240
0,239
0,238
0,237
0,236
0,235
0,234
0,233
0,232
0,231
0,230
0,229
0,228
0,227
0,226
164,11
164,10
164,9
164,8
164,7
164,6
164,5
164,4
164,3
164,2
164,1
164,0
163,12
163,10
163,9
163,1
95,3
95,6
95,5
95,4
114,5
114,6
104,3
2,3
1,3
114,3
141,4
137,3
114,4
86,3
87,3
83,3
85,3
82,3
82,4
0,4
0,305
0,302
0,7
0,12
0,11
0,10
0,306
0,304
0,303
0,9
0,8
151,7
151,6
151,5
151,4
151,3
151,2
151,1
151,0
145,1
143,35
143,36
143,31
143,30
143,33
143,34
143,29
143,7
143,25
143,24
143,47
143,43
143,4
143,54
143,41
143,53
143,44
143,28
143,42
143,46
143,45
143,6
143,5
143,32
143,1
142,2
142,1
142,0
141,3
141,5
141,2
141,1
141,0
137,2
137,1
137,0
104,4
114,2
114,1
114,0
104,2
104,1
104,0
95,2
95,1
95,0
87,2
87,1
87,0
86,2
86,1
86,0
85,2
85,1
85,0
83,2
83,1
83,0
82,2
82,1
82,0
4,3
5,3
5,2
5,1
0,243
0,1
0,0
0,5
0,2
0,3
5,0
